Linear soil model, only lateral stiffness
#1
lateral [m] and [kN/m]
5 3                   nrow, ndefl
    	0	0.1		1
-5.0	0	30790	30790
-4.0	0	30790	30790
-3.0	0	30790	30790
-2.0	0	30790	30790
0.0		0	30790	30790
--------------------------------------------------------------
#2
axial [m] and [kN/m]
5 3                   nrow, ndefl
    	0	0.1		1
-5.0	0	0.1		0.1
-4.0	0	0.1		0.1
-3.0	0	0.00	0.00
-2.0	0	0.00	0.00
0.0		0	0.00	0.00
--------------------------------------------------------------
#3
rotation_z [rad] and [kN/rad]
5 3                   nrow, ndefl
    	0	0.1		1
-5.0	0	0.1		0.1
-4.0	0	0.1		0.1
-3.0	0	0.00	0.00
-2.0	0	0.00	0.00
0.0		0	0.00	0.00